Distance,N02,N15,N22,N05,N18,N29,N10,N13,N99
N02,0,361,208,180,483,233,43,70,400
N15,361,0,221,186,596,293,403,333,497
N22,208,221,0,89,400,81,239,223,301
N05,180,186,89,0,486,167,220,170,387
N18,483,596,400,486,0,320,477,544,100
N29,233,293,81,167,320,0,252,270,220
N10,43,403,239,220,477,252,0,103,400
N13,70,333,223,170,544,270,103,0,458
N99,400,497,301,387,100,220,400,458,0
