Distance,N12,N17,N20,N19,N28,N26,N99
N12,0,327,416,179,614,698,372
N17,327,0,344,239,512,567,58
N20,416,344,0,240,200,281,391
N19,179,239,240,0,440,521,295
N28,614,512,200,440,0,91,550
N26,698,567,281,521,91,0,597
N99,372,58,391,295,550,597,0
